image: second_task_aerobot.pgm
resolution: 0.050000
origin: [-1.630464, -1.677769, 0.000000]
negate: 0
occupied_thresh: 0.65
free_thresh: 0.196

