image: second_task_aerobot.pgm
resolution: 0.050000
origin: [-1.514900, -1.768777, 0.000000]
negate: 0
occupied_thresh: 0.65
free_thresh: 0.196

